packages/gatekeeper-cloudflare/worker-configuration.d.ts
  s_a10f45aa10a9ca::t_625333855d6cf4 2-3,9,41,48,54,60,118,124,130,136,142,148,154,160,166,172,190,196,202,207,216,382,427,450,655,662,668,674,711,717,730,736,743,750,756,762,768,789,802,808,840,853,865,871,887,893-897,905,911,918,957,975,981,998,1004,1021,1054,1061,1089,1107,1125,1143,1149,1157,1164,1170,1292,1309,1316,1322,1393,1399,1405,1411,1417,1427,1433,1439,1446,1453,1459,1465,1471,1477,1483,1489,1495,1501,1507,1595,1601,1607,1616,1623,1630,1636,1642,1648,1654,1727,1745,1753,1784,1790,1802,1828,1834,2223,2241,2247,2259,2265,2277,2309,2318,2324,2343,2369,2375,2387,2393,2400,2406,2412,2424,2437,2449,2474,2496,2503,2515,2521,2528,2535,2541,2547,2553,2559,2565,2571,2578,2585,2591,2610,2618,2626,2635,2784-2789,2810,2835,2841,2847,2853,2859,2865,2871,2877,2883,2889,2895,2901,2907,2913,2919,2925,2931,2937,2943,2949,2969,2975,3025,3031,3050-3054,3057-3061,3063-3067,3069-3073,3075-3079,3081-3085,3087-3091,3093-3097,3099-3103,3105-3109,3111-3115,3117-3121,3154,3173,3191,3208,3215,3221,3241,3247,3334,3340,3346,3352,3387-3388,3393-3396,3402,3406,3442-3444,3448,3452,3455-3465,3474,3480,3486,3502,3508,3598,3607,3612-3613,4253-4259,10998,11000-11004,11008-11020,11053-11104,11148-11150,11155,11157-11172,11296,11298-11299,11347-11366,12657-12665,12698-12718,12808-12810,12818-12829,12835-12851,12869-12875,12911-12918,12933-12939,12969-12971,12975,12977,13431-13450,13488-13494,13500-13502,13507-13516,14291,14296,14313-14315,14317,14466-14471,14474-14475,14477-14481,14959-14966,14968-14977,14981-14983,15001-15003,15070-15073
packages/gatekeeper-confluence/worker-configuration.d.ts
  s_a10f45aa10a9ca::t_fff5c93c40f45f 3,41,48,54,60,118,124,130,136,142,148,154,160,166,172,190,196,202,207,216,382,427,450,655,662,668,674,711,717,730,736,743,750,756,762,768,789,802,808,840,853,865,871,887,893-897,905,911,918,957,975,981,998,1004,1021,1054,1061,1089,1107,1125,1143,1149,1157,1164,1170,1292,1309,1316,1322,1393,1399,1405,1411,1417,1427,1433,1439,1446,1453,1459,1465,1471,1477,1483,1489,1495,1501,1507,1595,1601,1607,1616,1623,1630,1636,1642,1648,1654,1727,1745,1753,1784,1790,1802,1828,1834,2223,2241,2247,2259,2265,2277,2309,2318,2324,2343,2369,2375,2387,2393,2400,2406,2412,2424,2437,2449,2474,2496,2503,2515,2521,2528,2535,2541,2547,2553,2559,2565,2571,2578,2585,2591,2610,2618,2626,2635,2784-2789,2810,2835,2841,2847,2853,2859,2865,2871,2877,2883,2889,2895,2901,2907,2913,2919,2925,2931,2937,2943,2949,2969,2975,3025,3031,3050-3054,3057-3061,3063-3067,3069-3073,3075-3079,3081-3085,3087-3091,3093-3097,3099-3103,3105-3109,3111-3115,3117-3121,3154,3173,3191,3208,3215,3221,3241,3247,3334,3340,3346,3352,3387-3388,3393-3396,3402,3406,3442-3444,3448,3452,3455-3465,3474,3480,3486,3502,3508,3598,3607,3612-3613,4253-4259,10998,11000-11004,11008-11020,11053-11104,11148-11150,11155,11157-11172,11296,11298-11299,11347-11366,12657-12665,12698-12718,12808-12810,12818-12829,12835-12851,12869-12875,12911-12918,12933-12939,12969-12971,12975,12977,13431-13450,13488-13494,13500-13502,13507-13516,14291,14296,14313-14315,14317,14466-14471,14474-14475,14477-14481,14959-14966,14968-14977,14981-14983,15001-15003,15070-15073
packages/gatekeeper-context/worker-configuration.d.ts
  s_a10f45aa10a9ca::t_3061d44e2b68c3 2,22,29,35,41,99,105,111,117,123,129,135,141,147,153,171,177,183,188,197,363,408,431,636,643,649,655,692,698,711,717,724,731,737,743,749,770,783,789,821,834,846,852,868,874-878,886,892,899,938,956,962,979,985,1002,1035,1042,1070,1088,1106,1124,1130,1138,1145,1151,1273,1290,1297,1303,1374,1380,1386,1392,1398,1408,1414,1420,1427,1434,1440,1446,1452,1458,1464,1470,1476,1482,1488,1576,1582,1588,1597,1604,1611,1617,1623,1629,1635,1708,1726,1734,1765,1771,1783,1809,1815,2204,2222,2228,2240,2246,2258,2290,2299,2305,2324,2350,2356,2368,2374,2381,2387,2393,2405,2418,2430,2455,2477,2484,2496,2502,2509,2516,2522,2528,2534,2540,2546,2552,2559,2566,2572,2591,2599,2607,2616,2765-2770,2791,2816,2822,2828,2834,2840,2846,2852,2858,2864,2870,2876,2882,2888,2894,2900,2906,2912,2918,2924,2930,2950,2956,3006,3012,3031-3035,3038-3042,3044-3048,3050-3054,3056-3060,3062-3066,3068-3072,3074-3078,3080-3084,3086-3090,3092-3096,3098-3102,3135,3154,3172,3189,3196,3202,3222,3228,3315,3321,3327,3333,3368-3369,3374-3377,3383,3387,3423-3425,3429,3433,3436-3446,3455,3461,3467,3483,3489,3579,3588,3593-3594,4234-4240,10979,10981-10985,10989-11001,11034-11085,11129-11131,11136,11138-11153,11277,11279-11280,11328-11347,12638-12646,12679-12699,12789-12791,12799-12810,12816-12832,12850-12856,12892-12899,12914-12920,12950-12952,12956,12958,13412-13431,13469-13475,13481-13483,13488-13497,14272,14277,14294-14296,14298,14447-14452,14455-14456,14458-14462,14940-14947,14949-14958,14962-14964,14982-14984,15051-15054
packages/gatekeeper-email/worker-configuration.d.ts
  s_a10f45aa10a9ca::t_de70e43dc68514 3,41,48,54,60,118,124,130,136,142,148,154,160,166,172,190,196,202,207,216,382,427,450,655,662,668,674,711,717,730,736,743,750,756,762,768,789,802,808,840,853,865,871,887,893-897,905,911,918,957,975,981,998,1004,1021,1054,1061,1089,1107,1125,1143,1149,1157,1164,1170,1292,1309,1316,1322,1393,1399,1405,1411,1417,1427,1433,1439,1446,1453,1459,1465,1471,1477,1483,1489,1495,1501,1507,1595,1601,1607,1616,1623,1630,1636,1642,1648,1654,1727,1745,1753,1784,1790,1802,1828,1834,2223,2241,2247,2259,2265,2277,2309,2318,2324,2343,2369,2375,2387,2393,2400,2406,2412,2424,2437,2449,2474,2496,2503,2515,2521,2528,2535,2541,2547,2553,2559,2565,2571,2578,2585,2591,2610,2618,2626,2635,2784-2789,2810,2835,2841,2847,2853,2859,2865,2871,2877,2883,2889,2895,2901,2907,2913,2919,2925,2931,2937,2943,2949,2969,2975,3025,3031,3050-3054,3057-3061,3063-3067,3069-3073,3075-3079,3081-3085,3087-3091,3093-3097,3099-3103,3105-3109,3111-3115,3117-3121,3154,3173,3191,3208,3215,3221,3241,3247,3334,3340,3346,3352,3387-3388,3393-3396,3402,3406,3442-3444,3448,3452,3455-3465,3474,3480,3486,3502,3508,3598,3607,3612-3613,4253-4259,10998,11000-11004,11008-11020,11053-11104,11148-11150,11155,11157-11172,11296,11298-11299,11347-11366,12657-12665,12698-12718,12808-12810,12818-12829,12835-12851,12869-12875,12911-12918,12933-12939,12969-12971,12975,12977,13431-13450,13488-13494,13500-13502,13507-13516,14291,14296,14313-14315,14317,14466-14471,14474-14475,14477-14481,14959-14966,14968-14977,14981-14983,15001-15003,15070-15073
packages/gatekeeper-github/worker-configuration.d.ts
  s_a10f45aa10a9ca::t_fef8d71fd29bdd 3,41,48,54,60,118,124,130,136,142,148,154,160,166,172,190,196,202,207,216,382,427,450,655,662,668,674,711,717,730,736,743,750,756,762,768,789,802,808,840,853,865,871,887,893-897,905,911,918,957,975,981,998,1004,1021,1054,1061,1089,1107,1125,1143,1149,1157,1164,1170,1292,1309,1316,1322,1393,1399,1405,1411,1417,1427,1433,1439,1446,1453,1459,1465,1471,1477,1483,1489,1495,1501,1507,1595,1601,1607,1616,1623,1630,1636,1642,1648,1654,1727,1745,1753,1784,1790,1802,1828,1834,2223,2241,2247,2259,2265,2277,2309,2318,2324,2343,2369,2375,2387,2393,2400,2406,2412,2424,2437,2449,2474,2496,2503,2515,2521,2528,2535,2541,2547,2553,2559,2565,2571,2578,2585,2591,2610,2618,2626,2635,2784-2789,2810,2835,2841,2847,2853,2859,2865,2871,2877,2883,2889,2895,2901,2907,2913,2919,2925,2931,2937,2943,2949,2969,2975,3025,3031,3050-3054,3057-3061,3063-3067,3069-3073,3075-3079,3081-3085,3087-3091,3093-3097,3099-3103,3105-3109,3111-3115,3117-3121,3154,3173,3191,3208,3215,3221,3241,3247,3334,3340,3346,3352,3387-3388,3393-3396,3402,3406,3442-3444,3448,3452,3455-3465,3474,3480,3486,3502,3508,3598,3607,3612-3613,4253-4259,10998,11000-11004,11008-11020,11053-11104,11148-11150,11155,11157-11172,11296,11298-11299,11347-11366,12657-12665,12698-12718,12808-12810,12818-12829,12835-12851,12869-12875,12911-12918,12933-12939,12969-12971,12975,12977,13431-13450,13488-13494,13500-13502,13507-13516,14291,14296,14313-14315,14317,14466-14471,14474-14475,14477-14481,14959-14966,14968-14977,14981-14983,15001-15003,15070-15073
packages/gatekeeper-google/worker-configuration.d.ts
  s_553c1f5aa9b487::t_5426a6e3c41965 2-3,9,41,48,54,60,118,124,130,136,142,148,154,160,166,172,190,196,202,207,216,382,427,450,655,662,668,674,711,717,730,736,743,750,756,762,768,789,802,808,840,853,865,871,887,893-897,905,911,918,957,975,981,998,1004,1021,1054,1061,1089,1107,1125,1143,1149,1157,1164,1170,1292,1309,1316,1322,1393,1399,1405,1411,1417,1427,1433,1439,1446,1453,1459,1465,1471,1477,1483,1489,1495,1501,1507,1595,1601,1607,1616,1623,1630,1636,1642,1648,1654,1727,1745,1753,1784,1790,1802,1828,1834,2223,2241,2247,2259,2265,2277,2309,2318,2324,2343,2369,2375,2387,2393,2400,2406,2412,2424,2437,2449,2474,2496,2503,2515,2521,2528,2535,2541,2547,2553,2559,2565,2571,2578,2585,2591,2610,2618,2626,2635,2784-2789,2810,2835,2841,2847,2853,2859,2865,2871,2877,2883,2889,2895,2901,2907,2913,2919,2925,2931,2937,2943,2949,2969,2975,3025,3031,3050-3054,3057-3061,3063-3067,3069-3073,3075-3079,3081-3085,3087-3091,3093-3097,3099-3103,3105-3109,3111-3115,3117-3121,3154,3173,3191,3208,3215,3221,3241,3247,3334,3340,3346,3352,3387-3388,3393-3396,3402,3406,3442-3444,3448,3452,3455-3465,3474,3480,3486,3502,3508,3598,3607,3612-3613,4253-4259,10998,11000-11004,11008-11020,11053-11104,11148-11150,11155,11157-11172,11296,11298-11299,11347-11366,12657-12665,12698-12718,12808-12810,12818-12829,12835-12851,12869-12875,12911-12918,12933-12939,12969-12971,12975,12977,13431-13450,13488-13494,13500-13502,13507-13516,14291,14296,14313-14315,14317,14466-14471,14474-14475,14477-14481,14959-14966,14968-14977,14981-14983,15001-15003,15070-15073
packages/gatekeeper-homeassistant/worker-configuration.d.ts
  s_553c1f5aa9b487::t_edcb6ce9cae3d7 3,34,41,47,53,111,117,123,129,135,141,147,153,159,165,183,189,195,200,209,375,420,443,648,655,661,667,704,710,723,729,736,743,749,755,761,782,795,801,833,846,858,864,880,886-890,898,904,911,950,968,974,991,997,1014,1047,1054,1082,1100,1118,1136,1142,1150,1157,1163,1285,1302,1309,1315,1386,1392,1398,1404,1410,1420,1426,1432,1439,1446,1452,1458,1464,1470,1476,1482,1488,1494,1500,1588,1594,1600,1609,1616,1623,1629,1635,1641,1647,1720,1738,1746,1777,1783,1795,1821,1827,2216,2234,2240,2252,2258,2270,2302,2311,2317,2336,2362,2368,2380,2386,2393,2399,2405,2417,2430,2442,2467,2489,2496,2508,2514,2521,2528,2534,2540,2546,2552,2558,2564,2571,2578,2584,2603,2611,2619,2628,2777-2782,2803,2828,2834,2840,2846,2852,2858,2864,2870,2876,2882,2888,2894,2900,2906,2912,2918,2924,2930,2936,2942,2962,2968,3018,3024,3043-3047,3050-3054,3056-3060,3062-3066,3068-3072,3074-3078,3080-3084,3086-3090,3092-3096,3098-3102,3104-3108,3110-3114,3147,3166,3184,3201,3208,3214,3234,3240,3327,3333,3339,3345,3380-3381,3386-3389,3395,3399,3435-3437,3441,3445,3448-3458,3467,3473,3479,3495,3501,3591,3600,3605-3606,4246-4252,10991,10993-10997,11001-11013,11046-11097,11141-11143,11148,11150-11165,11289,11291-11292,11340-11359,12650-12658,12691-12711,12801-12803,12811-12822,12828-12844,12862-12868,12904-12911,12926-12932,12962-12964,12968,12970,13424-13443,13481-13487,13493-13495,13500-13509,14284,14289,14306-14308,14310,14459-14464,14467-14468,14470-14474,14952-14959,14961-14970,14974-14976,14994-14996,15063-15066
packages/gatekeeper-linear/worker-configuration.d.ts
  s_553c1f5aa9b487::t_073694ca1df98a 3,41,48,54,60,118,124,130,136,142,148,154,160,166,172,190,196,202,207,216,382,427,450,655,662,668,674,711,717,730,736,743,750,756,762,768,789,802,808,840,853,865,871,887,893-897,905,911,918,957,975,981,998,1004,1021,1054,1061,1089,1107,1125,1143,1149,1157,1164,1170,1292,1309,1316,1322,1393,1399,1405,1411,1417,1427,1433,1439,1446,1453,1459,1465,1471,1477,1483,1489,1495,1501,1507,1595,1601,1607,1616,1623,1630,1636,1642,1648,1654,1727,1745,1753,1784,1790,1802,1828,1834,2223,2241,2247,2259,2265,2277,2309,2318,2324,2343,2369,2375,2387,2393,2400,2406,2412,2424,2437,2449,2474,2496,2503,2515,2521,2528,2535,2541,2547,2553,2559,2565,2571,2578,2585,2591,2610,2618,2626,2635,2784-2789,2810,2835,2841,2847,2853,2859,2865,2871,2877,2883,2889,2895,2901,2907,2913,2919,2925,2931,2937,2943,2949,2969,2975,3025,3031,3050-3054,3057-3061,3063-3067,3069-3073,3075-3079,3081-3085,3087-3091,3093-3097,3099-3103,3105-3109,3111-3115,3117-3121,3154,3173,3191,3208,3215,3221,3241,3247,3334,3340,3346,3352,3387-3388,3393-3396,3402,3406,3442-3444,3448,3452,3455-3465,3474,3480,3486,3502,3508,3598,3607,3612-3613,4253-4259,10998,11000-11004,11008-11020,11053-11104,11148-11150,11155,11157-11172,11296,11298-11299,11347-11366,12657-12665,12698-12718,12808-12810,12818-12829,12835-12851,12869-12875,12911-12918,12933-12939,12969-12971,12975,12977,13431-13450,13488-13494,13500-13502,13507-13516,14291,14296,14313-14315,14317,14466-14471,14474-14475,14477-14481,14959-14966,14968-14977,14981-14983,15001-15003,15070-15073
packages/gatekeeper-mcp-portal/worker-configuration.d.ts
  s_553c1f5aa9b487::t_f2d084033f9e85 2,22,29,35,41,99,105,111,117,123,129,135,141,147,153,171,177,183,188,197,363,408,431,636,643,649,655,692,698,711,717,724,731,737,743,749,770,783,789,821,834,846,852,868,874-878,886,892,899,938,956,962,979,985,1002,1035,1042,1070,1088,1106,1124,1130,1138,1145,1151,1273,1290,1297,1303,1374,1380,1386,1392,1398,1408,1414,1420,1427,1434,1440,1446,1452,1458,1464,1470,1476,1482,1488,1576,1582,1588,1597,1604,1611,1617,1623,1629,1635,1708,1726,1734,1765,1771,1783,1809,1815,2204,2222,2228,2240,2246,2258,2290,2299,2305,2324,2350,2356,2368,2374,2381,2387,2393,2405,2418,2430,2455,2477,2484,2496,2502,2509,2516,2522,2528,2534,2540,2546,2552,2559,2566,2572,2591,2599,2607,2616,2765-2770,2791,2816,2822,2828,2834,2840,2846,2852,2858,2864,2870,2876,2882,2888,2894,2900,2906,2912,2918,2924,2930,2950,2956,3006,3012,3031-3035,3038-3042,3044-3048,3050-3054,3056-3060,3062-3066,3068-3072,3074-3078,3080-3084,3086-3090,3092-3096,3098-3102,3135,3154,3172,3189,3196,3202,3222,3228,3315,3321,3327,3333,3368-3369,3374-3377,3383,3387,3423-3425,3429,3433,3436-3446,3455,3461,3467,3483,3489,3579,3588,3593-3594,4234-4240,10979,10981-10985,10989-11001,11034-11085,11129-11131,11136,11138-11153,11277,11279-11280,11328-11347,12638-12646,12679-12699,12789-12791,12799-12810,12816-12832,12850-12856,12892-12899,12914-12920,12950-12952,12956,12958,13412-13431,13469-13475,13481-13483,13488-13497,14272,14277,14294-14296,14298,14447-14452,14455-14456,14458-14462,14940-14947,14949-14958,14962-14964,14982-14984,15051-15054
packages/gatekeeper-mcp/worker-configuration.d.ts
  s_553c1f5aa9b487::t_e56de318db5857 2,22,29,35,41,99,105,111,117,123,129,135,141,147,153,171,177,183,188,197,363,408,431,636,643,649,655,692,698,711,717,724,731,737,743,749,770,783,789,821,834,846,852,868,874-878,886,892,899,938,956,962,979,985,1002,1035,1042,1070,1088,1106,1124,1130,1138,1145,1151,1273,1290,1297,1303,1374,1380,1386,1392,1398,1408,1414,1420,1427,1434,1440,1446,1452,1458,1464,1470,1476,1482,1488,1576,1582,1588,1597,1604,1611,1617,1623,1629,1635,1708,1726,1734,1765,1771,1783,1809,1815,2204,2222,2228,2240,2246,2258,2290,2299,2305,2324,2350,2356,2368,2374,2381,2387,2393,2405,2418,2430,2455,2477,2484,2496,2502,2509,2516,2522,2528,2534,2540,2546,2552,2559,2566,2572,2591,2599,2607,2616,2765-2770,2791,2816,2822,2828,2834,2840,2846,2852,2858,2864,2870,2876,2882,2888,2894,2900,2906,2912,2918,2924,2930,2950,2956,3006,3012,3031-3035,3038-3042,3044-3048,3050-3054,3056-3060,3062-3066,3068-3072,3074-3078,3080-3084,3086-3090,3092-3096,3098-3102,3135,3154,3172,3189,3196,3202,3222,3228,3315,3321,3327,3333,3368-3369,3374-3377,3383,3387,3423-3425,3429,3433,3436-3446,3455,3461,3467,3483,3489,3579,3588,3593-3594,4234-4240,10979,10981-10985,10989-11001,11034-11085,11129-11131,11136,11138-11153,11277,11279-11280,11328-11347,12638-12646,12679-12699,12789-12791,12799-12810,12816-12832,12850-12856,12892-12899,12914-12920,12950-12952,12956,12958,13412-13431,13469-13475,13481-13483,13488-13497,14272,14277,14294-14296,14298,14447-14452,14455-14456,14458-14462,14940-14947,14949-14958,14962-14964,14982-14984,15051-15054
packages/gatekeeper-notion/worker-configuration.d.ts
  s_553c1f5aa9b487::t_865f9dbd9d1363 3,41,48,54,60,118,124,130,136,142,148,154,160,166,172,190,196,202,207,216,382,427,450,655,662,668,674,711,717,730,736,743,750,756,762,768,789,802,808,840,853,865,871,887,893-897,905,911,918,957,975,981,998,1004,1021,1054,1061,1089,1107,1125,1143,1149,1157,1164,1170,1292,1309,1316,1322,1393,1399,1405,1411,1417,1427,1433,1439,1446,1453,1459,1465,1471,1477,1483,1489,1495,1501,1507,1595,1601,1607,1616,1623,1630,1636,1642,1648,1654,1727,1745,1753,1784,1790,1802,1828,1834,2223,2241,2247,2259,2265,2277,2309,2318,2324,2343,2369,2375,2387,2393,2400,2406,2412,2424,2437,2449,2474,2496,2503,2515,2521,2528,2535,2541,2547,2553,2559,2565,2571,2578,2585,2591,2610,2618,2626,2635,2784-2789,2810,2835,2841,2847,2853,2859,2865,2871,2877,2883,2889,2895,2901,2907,2913,2919,2925,2931,2937,2943,2949,2969,2975,3025,3031,3050-3054,3057-3061,3063-3067,3069-3073,3075-3079,3081-3085,3087-3091,3093-3097,3099-3103,3105-3109,3111-3115,3117-3121,3154,3173,3191,3208,3215,3221,3241,3247,3334,3340,3346,3352,3387-3388,3393-3396,3402,3406,3442-3444,3448,3452,3455-3465,3474,3480,3486,3502,3508,3598,3607,3612-3613,4253-4259,10998,11000-11004,11008-11020,11053-11104,11148-11150,11155,11157-11172,11296,11298-11299,11347-11366,12657-12665,12698-12718,12808-12810,12818-12829,12835-12851,12869-12875,12911-12918,12933-12939,12969-12971,12975,12977,13431-13450,13488-13494,13500-13502,13507-13516,14291,14296,14313-14315,14317,14466-14471,14474-14475,14477-14481,14959-14966,14968-14977,14981-14983,15001-15003,15070-15073
packages/gatekeeper-scheduler/worker-configuration.d.ts
  s_553c1f5aa9b487::t_95521dcff3bb3c 3,37,44,50,56,114,120,126,132,138,144,150,156,162,168,186,192,198,203,212,378,423,446,651,658,664,670,707,713,726,732,739,746,752,758,764,785,798,804,836,849,861,867,883,889-893,901,907,914,953,971,977,994,1000,1017,1050,1057,1085,1103,1121,1139,1145,1153,1160,1166,1288,1305,1312,1318,1389,1395,1401,1407,1413,1423,1429,1435,1442,1449,1455,1461,1467,1473,1479,1485,1491,1497,1503,1591,1597,1603,1612,1619,1626,1632,1638,1644,1650,1723,1741,1749,1780,1786,1798,1824,1830,2219,2237,2243,2255,2261,2273,2305,2314,2320,2339,2365,2371,2383,2389,2396,2402,2408,2420,2433,2445,2470,2492,2499,2511,2517,2524,2531,2537,2543,2549,2555,2561,2567,2574,2581,2587,2606,2614,2622,2631,2780-2785,2806,2831,2837,2843,2849,2855,2861,2867,2873,2879,2885,2891,2897,2903,2909,2915,2921,2927,2933,2939,2945,2965,2971,3021,3027,3046-3050,3053-3057,3059-3063,3065-3069,3071-3075,3077-3081,3083-3087,3089-3093,3095-3099,3101-3105,3107-3111,3113-3117,3150,3169,3187,3204,3211,3217,3237,3243,3330,3336,3342,3348,3383-3384,3389-3392,3398,3402,3438-3440,3444,3448,3451-3461,3470,3476,3482,3498,3504,3594,3603,3608-3609,4249-4255,10994,10996-11000,11004-11016,11049-11100,11144-11146,11151,11153-11168,11292,11294-11295,11343-11362,12653-12661,12694-12714,12804-12806,12814-12825,12831-12847,12865-12871,12907-12914,12929-12935,12965-12967,12971,12973,13427-13446,13484-13490,13496-13498,13503-13512,14287,14292,14309-14311,14313,14462-14467,14470-14471,14473-14477,14955-14962,14964-14973,14977-14979,14997-14999,15066-15069
packages/gatekeeper-slack/worker-configuration.d.ts
  s_553c1f5aa9b487::t_0c335109347c4d 3,41,48,54,60,118,124,130,136,142,148,154,160,166,172,190,196,202,207,216,382,427,450,655,662,668,674,711,717,730,736,743,750,756,762,768,789,802,808,840,853,865,871,887,893-897,905,911,918,957,975,981,998,1004,1021,1054,1061,1089,1107,1125,1143,1149,1157,1164,1170,1292,1309,1316,1322,1393,1399,1405,1411,1417,1427,1433,1439,1446,1453,1459,1465,1471,1477,1483,1489,1495,1501,1507,1595,1601,1607,1616,1623,1630,1636,1642,1648,1654,1727,1745,1753,1784,1790,1802,1828,1834,2223,2241,2247,2259,2265,2277,2309,2318,2324,2343,2369,2375,2387,2393,2400,2406,2412,2424,2437,2449,2474,2496,2503,2515,2521,2528,2535,2541,2547,2553,2559,2565,2571,2578,2585,2591,2610,2618,2626,2635,2784-2789,2810,2835,2841,2847,2853,2859,2865,2871,2877,2883,2889,2895,2901,2907,2913,2919,2925,2931,2937,2943,2949,2969,2975,3025,3031,3050-3054,3057-3061,3063-3067,3069-3073,3075-3079,3081-3085,3087-3091,3093-3097,3099-3103,3105-3109,3111-3115,3117-3121,3154,3173,3191,3208,3215,3221,3241,3247,3334,3340,3346,3352,3387-3388,3393-3396,3402,3406,3442-3444,3448,3452,3455-3465,3474,3480,3486,3502,3508,3598,3607,3612-3613,4253-4259,10998,11000-11004,11008-11020,11053-11104,11148-11150,11155,11157-11172,11296,11298-11299,11347-11366,12657-12665,12698-12718,12808-12810,12818-12829,12835-12851,12869-12875,12911-12918,12933-12939,12969-12971,12975,12977,13431-13450,13488-13494,13500-13502,13507-13516,14291,14296,14313-14315,14317,14466-14471,14474-14475,14477-14481,14959-14966,14968-14977,14981-14983,15001-15003,15070-15073
packages/gatekeeper-spotify/worker-configuration.d.ts
  s_553c1f5aa9b487::t_e7a8c0d4ea4cc1 3,41,48,54,60,118,124,130,136,142,148,154,160,166,172,190,196,202,207,216,382,427,450,655,662,668,674,711,717,730,736,743,750,756,762,768,789,802,808,840,853,865,871,887,893-897,905,911,918,957,975,981,998,1004,1021,1054,1061,1089,1107,1125,1143,1149,1157,1164,1170,1292,1309,1316,1322,1393,1399,1405,1411,1417,1427,1433,1439,1446,1453,1459,1465,1471,1477,1483,1489,1495,1501,1507,1595,1601,1607,1616,1623,1630,1636,1642,1648,1654,1727,1745,1753,1784,1790,1802,1828,1834,2223,2241,2247,2259,2265,2277,2309,2318,2324,2343,2369,2375,2387,2393,2400,2406,2412,2424,2437,2449,2474,2496,2503,2515,2521,2528,2535,2541,2547,2553,2559,2565,2571,2578,2585,2591,2610,2618,2626,2635,2784-2789,2810,2835,2841,2847,2853,2859,2865,2871,2877,2883,2889,2895,2901,2907,2913,2919,2925,2931,2937,2943,2949,2969,2975,3025,3031,3050-3054,3057-3061,3063-3067,3069-3073,3075-3079,3081-3085,3087-3091,3093-3097,3099-3103,3105-3109,3111-3115,3117-3121,3154,3173,3191,3208,3215,3221,3241,3247,3334,3340,3346,3352,3387-3388,3393-3396,3402,3406,3442-3444,3448,3452,3455-3465,3474,3480,3486,3502,3508,3598,3607,3612-3613,4253-4259,10998,11000-11004,11008-11020,11053-11104,11148-11150,11155,11157-11172,11296,11298-11299,11347-11366,12657-12665,12698-12718,12808-12810,12818-12829,12835-12851,12869-12875,12911-12918,12933-12939,12969-12971,12975,12977,13431-13450,13488-13494,13500-13502,13507-13516,14291,14296,14313-14315,14317,14466-14471,14474-14475,14477-14481,14959-14966,14968-14977,14981-14983,15001-15003,15070-15073
packages/gatekeeper-supabase/worker-configuration.d.ts
  s_553c1f5aa9b487::t_6fabb5ef9517c4 3,41,48,54,60,118,124,130,136,142,148,154,160,166,172,190,196,202,207,216,382,427,450,655,662,668,674,711,717,730,736,743,750,756,762,768,789,802,808,840,853,865,871,887,893-897,905,911,918,957,975,981,998,1004,1021,1054,1061,1089,1107,1125,1143,1149,1157,1164,1170,1292,1309,1316,1322,1393,1399,1405,1411,1417,1427,1433,1439,1446,1453,1459,1465,1471,1477,1483,1489,1495,1501,1507,1595,1601,1607,1616,1623,1630,1636,1642,1648,1654,1727,1745,1753,1784,1790,1802,1828,1834,2223,2241,2247,2259,2265,2277,2309,2318,2324,2343,2369,2375,2387,2393,2400,2406,2412,2424,2437,2449,2474,2496,2503,2515,2521,2528,2535,2541,2547,2553,2559,2565,2571,2578,2585,2591,2610,2618,2626,2635,2784-2789,2810,2835,2841,2847,2853,2859,2865,2871,2877,2883,2889,2895,2901,2907,2913,2919,2925,2931,2937,2943,2949,2969,2975,3025,3031,3050-3054,3057-3061,3063-3067,3069-3073,3075-3079,3081-3085,3087-3091,3093-3097,3099-3103,3105-3109,3111-3115,3117-3121,3154,3173,3191,3208,3215,3221,3241,3247,3334,3340,3346,3352,3387-3388,3393-3396,3402,3406,3442-3444,3448,3452,3455-3465,3474,3480,3486,3502,3508,3598,3607,3612-3613,4253-4259,10998,11000-11004,11008-11020,11053-11104,11148-11150,11155,11157-11172,11296,11298-11299,11347-11366,12657-12665,12698-12718,12808-12810,12818-12829,12835-12851,12869-12875,12911-12918,12933-12939,12969-12971,12975,12977,13431-13450,13488-13494,13500-13502,13507-13516,14291,14296,14313-14315,14317,14466-14471,14474-14475,14477-14481,14959-14966,14968-14977,14981-14983,15001-15003,15070-15073
packages/gatekeeper-zoominfo/worker-configuration.d.ts
  s_553c1f5aa9b487::t_e14b87cfeb254c 3,41,48,54,60,118,124,130,136,142,148,154,160,166,172,190,196,202,207,216,382,427,450,655,662,668,674,711,717,730,736,743,750,756,762,768,789,802,808,840,853,865,871,887,893-897,905,911,918,957,975,981,998,1004,1021,1054,1061,1089,1107,1125,1143,1149,1157,1164,1170,1292,1309,1316,1322,1393,1399,1405,1411,1417,1427,1433,1439,1446,1453,1459,1465,1471,1477,1483,1489,1495,1501,1507,1595,1601,1607,1616,1623,1630,1636,1642,1648,1654,1727,1745,1753,1784,1790,1802,1828,1834,2223,2241,2247,2259,2265,2277,2309,2318,2324,2343,2369,2375,2387,2393,2400,2406,2412,2424,2437,2449,2474,2496,2503,2515,2521,2528,2535,2541,2547,2553,2559,2565,2571,2578,2585,2591,2610,2618,2626,2635,2784-2789,2810,2835,2841,2847,2853,2859,2865,2871,2877,2883,2889,2895,2901,2907,2913,2919,2925,2931,2937,2943,2949,2969,2975,3025,3031,3050-3054,3057-3061,3063-3067,3069-3073,3075-3079,3081-3085,3087-3091,3093-3097,3099-3103,3105-3109,3111-3115,3117-3121,3154,3173,3191,3208,3215,3221,3241,3247,3334,3340,3346,3352,3387-3388,3393-3396,3402,3406,3442-3444,3448,3452,3455-3465,3474,3480,3486,3502,3508,3598,3607,3612-3613,4253-4259,10998,11000-11004,11008-11020,11053-11104,11148-11150,11155,11157-11172,11296,11298-11299,11347-11366,12657-12665,12698-12718,12808-12810,12818-12829,12835-12851,12869-12875,12911-12918,12933-12939,12969-12971,12975,12977,13431-13450,13488-13494,13500-13502,13507-13516,14291,14296,14313-14315,14317,14466-14471,14474-14475,14477-14481,14959-14966,14968-14977,14981-14983,15001-15003,15070-15073
packages/mcp-shared/worker-configuration.d.ts
  s_553c1f5aa9b487::t_d6320557afa63f 2,22,29,35,41,99,105,111,117,123,129,135,141,147,153,171,177,183,188,197,363,408,431,636,643,649,655,692,698,711,717,724,731,737,743,749,770,783,789,821,834,846,852,868,874-878,886,892,899,938,956,962,979,985,1002,1035,1042,1070,1088,1106,1124,1130,1138,1145,1151,1273,1290,1297,1303,1374,1380,1386,1392,1398,1408,1414,1420,1427,1434,1440,1446,1452,1458,1464,1470,1476,1482,1488,1576,1582,1588,1597,1604,1611,1617,1623,1629,1635,1708,1726,1734,1765,1771,1783,1809,1815,2204,2222,2228,2240,2246,2258,2290,2299,2305,2324,2350,2356,2368,2374,2381,2387,2393,2405,2418,2430,2455,2477,2484,2496,2502,2509,2516,2522,2528,2534,2540,2546,2552,2559,2566,2572,2591,2599,2607,2616,2765-2770,2791,2816,2822,2828,2834,2840,2846,2852,2858,2864,2870,2876,2882,2888,2894,2900,2906,2912,2918,2924,2930,2950,2956,3006,3012,3031-3035,3038-3042,3044-3048,3050-3054,3056-3060,3062-3066,3068-3072,3074-3078,3080-3084,3086-3090,3092-3096,3098-3102,3135,3154,3172,3189,3196,3202,3222,3228,3315,3321,3327,3333,3368-3369,3374-3377,3383,3387,3423-3425,3429,3433,3436-3446,3455,3461,3467,3483,3489,3579,3588,3593-3594,4234-4240,10979,10981-10985,10989-11001,11034-11085,11129-11131,11136,11138-11153,11277,11279-11280,11328-11347,12638-12646,12679-12699,12789-12791,12799-12810,12816-12832,12850-12856,12892-12899,12914-12920,12950-12952,12956,12958,13412-13431,13469-13475,13481-13483,13488-13497,14272,14277,14294-14296,14298,14447-14452,14455-14456,14458-14462,14940-14947,14949-14958,14962-14964,14982-14984,15051-15054
packages/router/worker-configuration.d.ts
  s_553c1f5aa9b487::t_d260c2d2a369e1 3,35,42,48,54,112,118,124,130,136,142,148,154,160,166,184,190,196,201,210,376,421,443,647,654,660,666,703,709,722,728,735,742,748,754,760,781,794,800,832,845,857,863,879,885-889,897,903,910,949,967,973,990,996,1013,1046,1053,1081,1099,1117,1135,1141,1149,1156,1162,1284,1301,1308,1314,1385,1391,1397,1403,1409,1419,1425,1431,1438,1445,1451,1457,1463,1469,1475,1481,1487,1493,1499,1587,1593,1599,1608,1615,1622,1628,1634,1640,1646,1719,1737,1745,1776,1782,1794,1820,1826,2215,2233,2239,2251,2257,2269,2301,2310,2316,2335,2361,2367,2379,2385,2392,2398,2404,2416,2429,2441,2466,2488,2495,2507,2513,2520,2527,2533,2539,2545,2551,2557,2563,2570,2577,2583,2602,2610,2618,2627,2776-2781,2802,2827,2833,2839,2845,2851,2857,2863,2869,2875,2881,2887,2893,2899,2905,2911,2917,2923,2929,2935,2941,2961,2967,3017,3023,3042-3046,3049-3053,3055-3059,3061-3065,3067-3071,3073-3077,3079-3083,3085-3089,3091-3095,3097-3101,3103-3107,3109-3113,3146,3165,3183,3200,3207,3213,3233,3239,3326,3332,3338,3344,3379-3380,3385-3388,3394,3398,3434-3436,3440,3444,3447-3457,3466,3472,3478,3494,3500,3590,3599,3604-3605,4245-4251,10990,10992-10996,11000-11012,11045-11096,11140-11142,11147,11149-11164,11288,11290-11291,11339-11358,12649-12657,12690-12710,12800-12802,12810-12821,12827-12843,12861-12867,12903-12910,12925-12931,12961-12963,12967,12969,13423-13442,13480-13486,13492-13494,13499-13508,14283,14288,14305-14307,14309,14458-14463,14466-14467,14469-14473,14951-14958,14960-14969,14973-14975,14993-14995,15062-15065
packages/workshop-backend/worker-configuration.d.ts
  s_553c1f5aa9b487::t_97af0aa8548244 3,5-9,12-16,39,44-90,93-97,100,108-218,222,224-288,297-380,384,390,392,396,398,404,408,411-417,420-423,425,428-432,437-438,440-467,470,473-478,481-483,486,489-490,493-494,497-499,502,505-506,509,512-521,524-535,539-541,544-547,550-567,570-580,583-601,604-611,614-615,618,621-623,626-627,630-632,635-642,645,648-650,653,658-774,777-779,781,783,785,787,791-810,813,816-819,822,830-842,850-889,891-895,897,900,903,908-913,916,921-927,930-933,941-983,986,994-1006,1009-1010,1013-1016,1018-1024,1027-1030,1032-1037,1040,1043-1049,1051-1071,1080-1214,1216-1221,1224-1230,1233-1238,1241,1244-1248,1251-1254,1257,1260-1261,1264-1266,1269-1272,1275-1276,1279-1287,1290,1295-1304,1307,1312-1325,1328-1329,1332,1335-1336,1344-1374,1377-1381,1389-1419,1422,1425,1430-1441,1444,1449-1520,1523,1526-1529,1532-1534,1537-1540,1543-1545,1548-1564,1567-1570,1573-1578,1581-1587,1590,1593,1598-1612,1614,1619-1669,1671-1686,1694-1698,1706-1755,1758-1765,1772-1773,1780-1836,1839-1860,1863-1876,1878-1908,1911-1913,1916-1917,1920-1922,1925-1927,1931-1933,1936-1938,1941,1944,1947-1949,1952,1955,1958-1959,1962,1965-1967,1970-1972,1975-1977,1980,1983,1986-1991,1994-1998,2001-2005,2008-2012,2015-2020,2023-2035,2038-2042,2045-2046,2049-2061,2064-2080,2082-2086,2089-2091,2094-2103,2106-2109,2112-2117,2120-2124,2127-2132,2135-2142,2144,2147-2149,2152-2154,2157-2158,2161-2165,2168-2172,2175-2179,2182-2188,2191-2219,2221,2226-2272,2275,2280-2282,2290-2304,2307,2312-2327,2330,2333-2338,2341,2346-2364,2367,2372-2395,2398,2403-2432,2435,2440-2451,2459-2482,2485-2491,2494,2499-2523,2526,2531-2573,2576,2581-2593,2596,2598-2599,2602,2605,2608,2612-2613,2616,2620-2621,2624,2629-2630,2633,2637-2641,2644-2645,2653-2661,2669-2677,2680-2685,2688-2690,2693-2695,2698-2699,2702-2719,2722-2726,2729-2730,2733-2734,2737-2739,2742,2745,2748-2749,2752-2756,2759,2762,2765,2768,2771-2773,2776,2779-2787,2790-2793,2796-2798,2801-2802,2805,2808,2813-2977,2979-3120,3122-3131,3133-3135,3137-3146,3148-3149,3152,3154,3156-3180,3182-3187,3189,3191,3193-3255,3257-3265,3267-3277,3279,3281-3296,3298-3306,3308-3311,3313-3315,3317-3318,3320-3322,3325-3616,3623,3625-3657,3672-3675,3679-3682,3686-3699,3705-3712,3716-3717,3721-3722,3726-3727,3738-3743,3747-3752,3762-3769,3773-3775,3783-3846,3866-3880,3883-3886,3890-3891,3898-3940,3948-3958,3960-3964,3969-3970,3977-3987,3989-3990,3994-3995,3999-4001,4004-4005,4008-4010,4014-4041,4044-4056,4060-4077,4082-4127,4129-4132,4136-4143,4146-4152,4156-4204,4206-4210,4214-4227,4230-4233,4236,4239-4257,4260-4266,4270-4273,4276-4282,4286-4292,4296-4299,4303-4311,4315-4321,4325-4331,4334-4337,4340,4343-4344,4347-4353,4356-4357,4360-4366,4374-4399,4404-4440,4447-4456,4463-4476,4503-4539,4574-4632,4635,4638-4639,4642-4643,4646-4657,4660,4663-4664,4667-4679,4682,4685-4686,4689-4690,4693-4694,4697-4698,4701,4704-4705,4708-4709,4712-4713,4717-4718,4721,4724-4730,4733-4734,4737-4738,4741,4744-4745,4748,4751-4752,4755-4756,4759,4762-4763,4766-4767,4770-4772,4778-4801,4806-4807,4810-4811,4814-4828,4831-4832,4835-4840,4843-4845,4848-4850,4853-4854,4857-4861,4864-4865,4868-4878,4882-4883,4886-4888,4891,4894-4895,4901-4902,4905-4909,4912-4917,4920-4927,4930-4933,4935-4938,4941-4942,4945-4949,4952,4954,4956-4961,4965-4971,4974-4979,4981,4983-4986,4989-4992,4995-5001,5003-5004,5007-5008,5011-5012,5015-5016,5026-5040,5043-5045,5048-5050,5053-5064,5067-5068,5071-5072,5075-5079,5081,5084,5087-5093,5095,5097-5098,5101-5102,5105,5108,5110-5111,5114-5120,5123-5124,5127-5130,5134-5163,5165-5166,5169-5170,5173-5176,5179-5183,5186-5188,5191-5194,5197-5201,5204-5210,5213-5222,5225-5226,5229-5232,5235,5238-5245,5258-5277,5280-5302,5305-5307,5310-5316,5319,5322-5326,5329-5333,5335-5336,5339,5342-5344,5347-5350,5353-5354,5357-5361,5364-5366,5369,5372,5374,5376-5382,5385-5389,5392-5399,5402-5407,5410,5413-5419,5421-5423,5428-5433,5436-5443,5445-5449,5452-5455,5459-5463,5466-5467,5470-5474,5476-5479,5482-5485,5488-5492,5495-5496,5499-5501,5504-5509,5512-5513,5516-5517,5520-5525,5528-5533,5536-5541,5544-5552,5554-5556,5559-5560,5563-5569,5572-5578,5581-5583,5586-5587,5590-5592,5596-5597,5602,5606,5610-5620,5626-5629,5631,5633,5635,5637-5695,5708-5715,5717-5720,5723-5736,5742-5754,5756-5759,5762-5775,5781-5793,5795-5798,5801-5842,5844,5847-5855,5858-8492,8494,8496,8498,8500,8502,8504,8506,8508,8510,8512,8514,8516,8518,8520,8522,8524,8526,8528,8530-8539,8541,8543,8545,8547-8548,8550,8552,8554,8556-8560,8562,8564,8566,8568,8570,8572-8588,8590-8592,8594-8603,8605,8607,8609,8611-8621,8634-8655,8658,8668,8670,8672,8674,8676,8678,8680,8684-8688,8690-8701,8704-8705,8707,8709,8711,8713-8745,8747-8749,8751-8850,8852,8854,8856-8876,8878,8880,8882,8884,8886,8888,8890,8892,8894,8896-8914,8916-8920,8922-8930,8932,8934,8936,8938,8940,8942,8944,8946,8948,8950,8952,8954,8956,8958,8960,8962,8964,8966,8968,8970,8972,8974,8976,8978-8980,8982,8984,8986,8988,8990,8992,8994-8996,8998,9000,9002,9004,9006,9008,9010,9012,9014,9016,9018,9020,9022,9024,9026,9028,9030,9032,9034-9070,9072-9088,9090-9100,9103,9105-9110,9112,9114-9126,9128,9130-9133,9135,9137-9138,9140,9142,9144,9146,9148-9156,9158-9160,9162-9164,9166-9170,9172,9174,9176,9178,9180,9182,9184,9186,9188,9190-9198,9200-9206,9208,9210,9212,9214,9216,9218,9220,9222,9224,9226,9228-9236,9238,9240,9242-9248,9250,9252,9254,9256,9258,9260,9262,9264,9266-9272,9274-9280,9282-9290,9292,9294,9296-9375,9377-9385,9410-9419,9422,9432,9434,9436,9438,9440,9442,9444,9448,9450-9465,9468-9469,9471,9473,9475,9477,9479,9481,9483,9485,9487,9489,9491,9493-9495,9497,9499,9501,9503,9505,9507,9509-9518,9520,9522,9524,9526-9527,9529,9531,9533,9535,9537,9539-9567,9569-9571,9573,9575,9577-9590,9592-9600,9613-9634,9637,9647,9649,9651,9653,9655,9657,9659,9663,9665-9680,9683-9724,9726-9728,9730-9731,9733,9735-9751,9753,9755,9757,9759,9761,9763,9765,9767,9769,9771-9775,9777,9779,9781,9783-9794,9796-9829,9831-9851,9853,9855,9857,9859-9892,9894-9968,9970,9972,9974,9976,9978,9980,9982,9984,9986,9988,9990,9992-9994,9996,9998,10000-10009,10011,10013-10019,10021,10023,10025,10027,10029,10031,10033,10035,10037,10039,10041,10043,10050-10051,10054-10077,10084-10085,10088-10091,10094-10097,10100-10101,10104-10107,10110-10113,10116-10117,10120-10123,10126-10129,10132-10133,10136-10137,10140-10141,10144-10145,10148-10149,10152-10153,10156-10246,10249-10272,10275-10281,10285,10288-10297,10301-10304,10307,10310-10357,10360-10362,10365-10379,10382-10384,10387-10413,10415-10416,10419,10421-10433,10436-10439,10441-10444,10446-10453,10466-10485,10489-10502,10506-10511,10515-10522,10526-10535,10539-10542,10550-10579,10587,10596-10600,10609-10617,10619-10672,10678-10679,10684-10685,10690-10691,10696-10697,10699-10701,10704-10705,10712-10723,10730-10731,10737-10738,10745-10755,10757-10758,10765-10771,10778,10785-10812,10815-10911,10914-10920,10922-10938,10941-10946,10949-10981,10985-10988,10991-10994,10996,10998-11017,11020-11026,11032-11042,11046-11049,11051-11102,11105-11108,11112-11114,11118-11143,11146-11148,11150-11172,11176-11178,11182-11184,11188-11194,11198-11199,11206-11364,11376-11472,11488-11496,11500-11501,11505-11510,11514-11518,11527-11529,11532-11605,11612-11679,11682,11688-11705,11708-11710,11713-11738,11740,11742,11744,11746,11748-11763,11766-11826,11829-11831,11834-11837,11842,11844-11919,11922-11946,11949-11958,11962-12102,12104,12108-12223,12227-12247,12251-12264,12268,12270,12273,12275-12304,12307-12309,12312,12315-12316,12319-12326,12329-12343,12346-12352,12355-12368,12376-12377,12382-12385,12391-12398,12404-12441,12444-12456,12459-12460,12467-12476,12483-12489,12500-12501,12504,12506,12508-12512,12520-12528,12549-12611,12617-12627,12630-12683,12688-12709,12711-12716,12718-12722,12725,12730-12737,12740-12745,12752-12757,12760-12766,12769-12780,12782,12785-12788,12791-12798,12801-12809,12812-12826,12829-12849,12852-12854,12857-12885,12888-12916,12919-12941,12944-12962,12965-12968,12971-12983,12986-12988,12995-13000,13007-13018,13025-13030,13037-13051,13058-13063,13070-13091,13098-13113,13117-13125,13127-13130,13132-13140,13142-13146,13148,13154-13179,13186-13208,13212-13213,13216,13219,13222-13227,13233-13261,13263,13265,13267,13269,13271-13283,13288-13292,13297-13325,13327,13330-13370,13373-13375,13377-13413,13415-13437,13439-13454,13456-13465,13467-13537,13539-13541,13543-13544,13547-13551,13554-13555,13580-13609,13615-13649,13652-13756,13759-13778,13781-13788,13791-13806,13809-13824,13827-13865,13868-13871,13874-13913,13916-13956,13959-13986,13989-13995,13998-14041,14044-14086,14089-14107,14109-14120,14127-14136,14138-14191,14194-14221,14224-14249,14254-14257,14260,14263,14266,14269,14272,14275,14278,14281,14284,14287,14290-14307,14309,14312-14316,14319-14333,14337-14339,14342-14343,14346-14348,14351-14550,14562,14565-14566,14573-14574,14579-14583,14601-14605,14610-14615,14623-14632,14638-14645,14651-14658,14663,14666,14671-14672,14682-14685,14692-14693,14702-14737,14745-14787,14794-14799,14806-14812,14824-14840,14847-14852,14858-14859,14891-14896,14899-14906,14909-14918,14921-14939,14942-14981,14983-14985,14987-15005,15008-15017,15020-15021,15024-15028,15032-15033,15035-15052,15054,15056,15058,15060-15086
---
{
  "schema_version": "authorship/3.0.0",
  "git_ai_version": "1.6.10",
  "base_commit_sha": "75873e5fd10fc646963779dfcadc0b9bc29847d6",
  "prompts": {},
  "sessions": {
    "s_553c1f5aa9b487": {
      "agent_id": {
        "tool": "devin",
        "id": "s_553c1f5aa9b487",
        "model": "unknown"
      },
      "human_author": "Nikhil <vnikhilbuddhavarapu@outlook.com>"
    },
    "s_a10f45aa10a9ca": {
      "agent_id": {
        "tool": "windsurf",
        "id": "exciting-polonium",
        "model": "unknown"
      },
      "human_author": "Nikhil <vnikhilbuddhavarapu@outlook.com>"
    }
  }
}