packages/workshop-backend/src/user.ts
  s_a10f45aa10a9ca::t_c70fb887e63d75 15-21,85-86,213-215,338-343,552-566,568-570,734-735,746-760,781-785,788
packages/workshop-backend/src/overseer.ts
  s_a10f45aa10a9ca::t_cca6bff9052647 1878-1879,6562-6563,6570-6571,6639-6640,6944-6945,6955,6959,6966-6967,6974,6980-6981,7038,7043,7392,8308-8309,8311,8313,10264-10265,11386,11864
  s_a10f45aa10a9ca::t_4dfc05438290af 37,913-914
packages/workshop-backend/src/env.d.ts
  s_a10f45aa10a9ca::t_951ed32fc7e259 80-83
packages/workshop-backend/__tests__/tiers.test.ts
  s_a10f45aa10a9ca::t_3a4dcccca4798a 1-246
packages/workshop-backend/src/ai-models.ts
  s_a10f45aa10a9ca::t_3e1c4d572b4145 34-36,40-43,52-53,110-117,119-124
packages/workshop-backend/__tests__/ai-models.test.ts
  s_a10f45aa10a9ca::t_be88c208892ed1 99,134-135,177,314
  s_a10f45aa10a9ca::t_ee743c73e98367 100,178,315
packages/workshop-backend/src/server.ts
  s_a10f45aa10a9ca::t_d994b398cfc982 13,705,707
packages/workshop-backend/src/tiers.ts
  s_a10f45aa10a9ca::t_4bc59c389ad270 1-119
packages/gatekeeper-cloudflare/worker-configuration.d.ts
  s_a10f45aa10a9ca::t_ce63ca01a0bf3f 2-3,9,41,48,54,60,118,124,130,136,142,148,154,160,166,172,190,196,202,207,216,382,427,450,655,662,668,674,711,717,730,736,743,750,756,762,768,789,802,808,840,853,865,871,887,893-897,905,911,918,957,975,981,998,1004,1021,1054,1061,1089,1107,1125,1143,1149,1157,1164,1170,1292,1309,1316,1322,1393,1399,1405,1411,1417,1427,1433,1439,1446,1453,1459,1465,1471,1477,1483,1489,1495,1501,1507,1595,1601,1607,1616,1623,1630,1636,1642,1648,1654,1727,1745,1753,1784,1790,1802,1828,1834,2223,2241,2247,2259,2265,2277,2309,2318,2324,2343,2369,2375,2387,2393,2400,2406,2412,2424,2437,2449,2474,2496,2503,2515,2521,2528,2535,2541,2547,2553,2559,2565,2571,2578,2585,2591,2610,2618,2626,2635,2784-2789,2810,2835,2841,2847,2853,2859,2865,2871,2877,2883,2889,2895,2901,2907,2913,2919,2925,2931,2937,2943,2949,2969,2975,3025,3031,3050-3054,3057-3061,3063-3067,3069-3073,3075-3079,3081-3085,3087-3091,3093-3097,3099-3103,3105-3109,3111-3115,3117-3121,3154,3173,3191,3208,3215,3221,3241,3247,3334,3340,3346,3352,3387-3388,3393-3396,3402,3406,3442-3444,3448,3452,3455-3465,3474,3480,3486,3502,3508,3598,3607,3612-3613,4253-4259,10998,11000-11004,11008-11020,11053-11104,11148-11150,11155,11157-11172,11296,11298-11299,11347-11366,12657-12665,12698-12718,12808-12810,12818-12829,12835-12851,12869-12875,12911-12918,12933-12939,12969-12971,12975,12977,13431-13450,13488-13494,13500-13502,13507-13516,14291,14296,14313-14315,14317,14466-14471,14474-14475,14477-14481,14959-14966,14968-14977,14981-14983,15001-15003,15070-15073
packages/gatekeeper-confluence/worker-configuration.d.ts
  s_a10f45aa10a9ca::t_d6051017404400 3,41,48,54,60,118,124,130,136,142,148,154,160,166,172,190,196,202,207,216,382,427,450,655,662,668,674,711,717,730,736,743,750,756,762,768,789,802,808,840,853,865,871,887,893-897,905,911,918,957,975,981,998,1004,1021,1054,1061,1089,1107,1125,1143,1149,1157,1164,1170,1292,1309,1316,1322,1393,1399,1405,1411,1417,1427,1433,1439,1446,1453,1459,1465,1471,1477,1483,1489,1495,1501,1507,1595,1601,1607,1616,1623,1630,1636,1642,1648,1654,1727,1745,1753,1784,1790,1802,1828,1834,2223,2241,2247,2259,2265,2277,2309,2318,2324,2343,2369,2375,2387,2393,2400,2406,2412,2424,2437,2449,2474,2496,2503,2515,2521,2528,2535,2541,2547,2553,2559,2565,2571,2578,2585,2591,2610,2618,2626,2635,2784-2789,2810,2835,2841,2847,2853,2859,2865,2871,2877,2883,2889,2895,2901,2907,2913,2919,2925,2931,2937,2943,2949,2969,2975,3025,3031,3050-3054,3057-3061,3063-3067,3069-3073,3075-3079,3081-3085,3087-3091,3093-3097,3099-3103,3105-3109,3111-3115,3117-3121,3154,3173,3191,3208,3215,3221,3241,3247,3334,3340,3346,3352,3387-3388,3393-3396,3402,3406,3442-3444,3448,3452,3455-3465,3474,3480,3486,3502,3508,3598,3607,3612-3613,4253-4259,10998,11000-11004,11008-11020,11053-11104,11148-11150,11155,11157-11172,11296,11298-11299,11347-11366,12657-12665,12698-12718,12808-12810,12818-12829,12835-12851,12869-12875,12911-12918,12933-12939,12969-12971,12975,12977,13431-13450,13488-13494,13500-13502,13507-13516,14291,14296,14313-14315,14317,14466-14471,14474-14475,14477-14481,14959-14966,14968-14977,14981-14983,15001-15003,15070-15073
packages/gatekeeper-context/worker-configuration.d.ts
  s_a10f45aa10a9ca::t_658a20cb23f44a 2,22,29,35,41,99,105,111,117,123,129,135,141,147,153,171,177,183,188,197,363,408,431,636,643,649,655,692,698,711,717,724,731,737,743,749,770,783,789,821,834,846,852,868,874-878,886,892,899,938,956,962,979,985,1002,1035,1042,1070,1088,1106,1124,1130,1138,1145,1151,1273,1290,1297,1303,1374,1380,1386,1392,1398,1408,1414,1420,1427,1434,1440,1446,1452,1458,1464,1470,1476,1482,1488,1576,1582,1588,1597,1604,1611,1617,1623,1629,1635,1708,1726,1734,1765,1771,1783,1809,1815,2204,2222,2228,2240,2246,2258,2290,2299,2305,2324,2350,2356,2368,2374,2381,2387,2393,2405,2418,2430,2455,2477,2484,2496,2502,2509,2516,2522,2528,2534,2540,2546,2552,2559,2566,2572,2591,2599,2607,2616,2765-2770,2791,2816,2822,2828,2834,2840,2846,2852,2858,2864,2870,2876,2882,2888,2894,2900,2906,2912,2918,2924,2930,2950,2956,3006,3012,3031-3035,3038-3042,3044-3048,3050-3054,3056-3060,3062-3066,3068-3072,3074-3078,3080-3084,3086-3090,3092-3096,3098-3102,3135,3154,3172,3189,3196,3202,3222,3228,3315,3321,3327,3333,3368-3369,3374-3377,3383,3387,3423-3425,3429,3433,3436-3446,3455,3461,3467,3483,3489,3579,3588,3593-3594,4234-4240,10979,10981-10985,10989-11001,11034-11085,11129-11131,11136,11138-11153,11277,11279-11280,11328-11347,12638-12646,12679-12699,12789-12791,12799-12810,12816-12832,12850-12856,12892-12899,12914-12920,12950-12952,12956,12958,13412-13431,13469-13475,13481-13483,13488-13497,14272,14277,14294-14296,14298,14447-14452,14455-14456,14458-14462,14940-14947,14949-14958,14962-14964,14982-14984,15051-15054
packages/gatekeeper-email/worker-configuration.d.ts
  s_a10f45aa10a9ca::t_6fff3a7a54672f 3,41,48,54,60,118,124,130,136,142,148,154,160,166,172,190,196,202,207,216,382,427,450,655,662,668,674,711,717,730,736,743,750,756,762,768,789,802,808,840,853,865,871,887,893-897,905,911,918,957,975,981,998,1004,1021,1054,1061,1089,1107,1125,1143,1149,1157,1164,1170,1292,1309,1316,1322,1393,1399,1405,1411,1417,1427,1433,1439,1446,1453,1459,1465,1471,1477,1483,1489,1495,1501,1507,1595,1601,1607,1616,1623,1630,1636,1642,1648,1654,1727,1745,1753,1784,1790,1802,1828,1834,2223,2241,2247,2259,2265,2277,2309,2318,2324,2343,2369,2375,2387,2393,2400,2406,2412,2424,2437,2449,2474,2496,2503,2515,2521,2528,2535,2541,2547,2553,2559,2565,2571,2578,2585,2591,2610,2618,2626,2635,2784-2789,2810,2835,2841,2847,2853,2859,2865,2871,2877,2883,2889,2895,2901,2907,2913,2919,2925,2931,2937,2943,2949,2969,2975,3025,3031,3050-3054,3057-3061,3063-3067,3069-3073,3075-3079,3081-3085,3087-3091,3093-3097,3099-3103,3105-3109,3111-3115,3117-3121,3154,3173,3191,3208,3215,3221,3241,3247,3334,3340,3346,3352,3387-3388,3393-3396,3402,3406,3442-3444,3448,3452,3455-3465,3474,3480,3486,3502,3508,3598,3607,3612-3613,4253-4259,10998,11000-11004,11008-11020,11053-11104,11148-11150,11155,11157-11172,11296,11298-11299,11347-11366,12657-12665,12698-12718,12808-12810,12818-12829,12835-12851,12869-12875,12911-12918,12933-12939,12969-12971,12975,12977,13431-13450,13488-13494,13500-13502,13507-13516,14291,14296,14313-14315,14317,14466-14471,14474-14475,14477-14481,14959-14966,14968-14977,14981-14983,15001-15003,15070-15073
packages/gatekeeper-github/worker-configuration.d.ts
  s_a10f45aa10a9ca::t_15165022337c15 3,41,48,54,60,118,124,130,136,142,148,154,160,166,172,190,196,202,207,216,382,427,450,655,662,668,674,711,717,730,736,743,750,756,762,768,789,802,808,840,853,865,871,887,893-897,905,911,918,957,975,981,998,1004,1021,1054,1061,1089,1107,1125,1143,1149,1157,1164,1170,1292,1309,1316,1322,1393,1399,1405,1411,1417,1427,1433,1439,1446,1453,1459,1465,1471,1477,1483,1489,1495,1501,1507,1595,1601,1607,1616,1623,1630,1636,1642,1648,1654,1727,1745,1753,1784,1790,1802,1828,1834,2223,2241,2247,2259,2265,2277,2309,2318,2324,2343,2369,2375,2387,2393,2400,2406,2412,2424,2437,2449,2474,2496,2503,2515,2521,2528,2535,2541,2547,2553,2559,2565,2571,2578,2585,2591,2610,2618,2626,2635,2784-2789,2810,2835,2841,2847,2853,2859,2865,2871,2877,2883,2889,2895,2901,2907,2913,2919,2925,2931,2937,2943,2949,2969,2975,3025,3031,3050-3054,3057-3061,3063-3067,3069-3073,3075-3079,3081-3085,3087-3091,3093-3097,3099-3103,3105-3109,3111-3115,3117-3121,3154,3173,3191,3208,3215,3221,3241,3247,3334,3340,3346,3352,3387-3388,3393-3396,3402,3406,3442-3444,3448,3452,3455-3465,3474,3480,3486,3502,3508,3598,3607,3612-3613,4253-4259,10998,11000-11004,11008-11020,11053-11104,11148-11150,11155,11157-11172,11296,11298-11299,11347-11366,12657-12665,12698-12718,12808-12810,12818-12829,12835-12851,12869-12875,12911-12918,12933-12939,12969-12971,12975,12977,13431-13450,13488-13494,13500-13502,13507-13516,14291,14296,14313-14315,14317,14466-14471,14474-14475,14477-14481,14959-14966,14968-14977,14981-14983,15001-15003,15070-15073
packages/gatekeeper-google/worker-configuration.d.ts
  s_a10f45aa10a9ca::t_1d7280c8f40c93 2-3,9,41,48,54,60,118,124,130,136,142,148,154,160,166,172,190,196,202,207,216,382,427,450,655,662,668,674,711,717,730,736,743,750,756,762,768,789,802,808,840,853,865,871,887,893-897,905,911,918,957,975,981,998,1004,1021,1054,1061,1089,1107,1125,1143,1149,1157,1164,1170,1292,1309,1316,1322,1393,1399,1405,1411,1417,1427,1433,1439,1446,1453,1459,1465,1471,1477,1483,1489,1495,1501,1507,1595,1601,1607,1616,1623,1630,1636,1642,1648,1654,1727,1745,1753,1784,1790,1802,1828,1834,2223,2241,2247,2259,2265,2277,2309,2318,2324,2343,2369,2375,2387,2393,2400,2406,2412,2424,2437,2449,2474,2496,2503,2515,2521,2528,2535,2541,2547,2553,2559,2565,2571,2578,2585,2591,2610,2618,2626,2635,2784-2789,2810,2835,2841,2847,2853,2859,2865,2871,2877,2883,2889,2895,2901,2907,2913,2919,2925,2931,2937,2943,2949,2969,2975,3025,3031,3050-3054,3057-3061,3063-3067,3069-3073,3075-3079,3081-3085,3087-3091,3093-3097,3099-3103,3105-3109,3111-3115,3117-3121,3154,3173,3191,3208,3215,3221,3241,3247,3334,3340,3346,3352,3387-3388,3393-3396,3402,3406,3442-3444,3448,3452,3455-3465,3474,3480,3486,3502,3508,3598,3607,3612-3613,4253-4259,10998,11000-11004,11008-11020,11053-11104,11148-11150,11155,11157-11172,11296,11298-11299,11347-11366,12657-12665,12698-12718,12808-12810,12818-12829,12835-12851,12869-12875,12911-12918,12933-12939,12969-12971,12975,12977,13431-13450,13488-13494,13500-13502,13507-13516,14291,14296,14313-14315,14317,14466-14471,14474-14475,14477-14481,14959-14966,14968-14977,14981-14983,15001-15003,15070-15073
packages/gatekeeper-homeassistant/worker-configuration.d.ts
  s_a10f45aa10a9ca::t_da8a111dc9fcc7 3,34,41,47,53,111,117,123,129,135,141,147,153,159,165,183,189,195,200,209,375,420,443,648,655,661,667,704,710,723,729,736,743,749,755,761,782,795,801,833,846,858,864,880,886-890,898,904,911,950,968,974,991,997,1014,1047,1054,1082,1100,1118,1136,1142,1150,1157,1163,1285,1302,1309,1315,1386,1392,1398,1404,1410,1420,1426,1432,1439,1446,1452,1458,1464,1470,1476,1482,1488,1494,1500,1588,1594,1600,1609,1616,1623,1629,1635,1641,1647,1720,1738,1746,1777,1783,1795,1821,1827,2216,2234,2240,2252,2258,2270,2302,2311,2317,2336,2362,2368,2380,2386,2393,2399,2405,2417,2430,2442,2467,2489,2496,2508,2514,2521,2528,2534,2540,2546,2552,2558,2564,2571,2578,2584,2603,2611,2619,2628,2777-2782,2803,2828,2834,2840,2846,2852,2858,2864,2870,2876,2882,2888,2894,2900,2906,2912,2918,2924,2930,2936,2942,2962,2968,3018,3024,3043-3047,3050-3054,3056-3060,3062-3066,3068-3072,3074-3078,3080-3084,3086-3090,3092-3096,3098-3102,3104-3108,3110-3114,3147,3166,3184,3201,3208,3214,3234,3240,3327,3333,3339,3345,3380-3381,3386-3389,3395,3399,3435-3437,3441,3445,3448-3458,3467,3473,3479,3495,3501,3591,3600,3605-3606,4246-4252,10991,10993-10997,11001-11013,11046-11097,11141-11143,11148,11150-11165,11289,11291-11292,11340-11359,12650-12658,12691-12711,12801-12803,12811-12822,12828-12844,12862-12868,12904-12911,12926-12932,12962-12964,12968,12970,13424-13443,13481-13487,13493-13495,13500-13509,14284,14289,14306-14308,14310,14459-14464,14467-14468,14470-14474,14952-14959,14961-14970,14974-14976,14994-14996,15063-15066
packages/gatekeeper-linear/worker-configuration.d.ts
  s_a10f45aa10a9ca::t_de7d46c6854c47 3,41,48,54,60,118,124,130,136,142,148,154,160,166,172,190,196,202,207,216,382,427,450,655,662,668,674,711,717,730,736,743,750,756,762,768,789,802,808,840,853,865,871,887,893-897,905,911,918,957,975,981,998,1004,1021,1054,1061,1089,1107,1125,1143,1149,1157,1164,1170,1292,1309,1316,1322,1393,1399,1405,1411,1417,1427,1433,1439,1446,1453,1459,1465,1471,1477,1483,1489,1495,1501,1507,1595,1601,1607,1616,1623,1630,1636,1642,1648,1654,1727,1745,1753,1784,1790,1802,1828,1834,2223,2241,2247,2259,2265,2277,2309,2318,2324,2343,2369,2375,2387,2393,2400,2406,2412,2424,2437,2449,2474,2496,2503,2515,2521,2528,2535,2541,2547,2553,2559,2565,2571,2578,2585,2591,2610,2618,2626,2635,2784-2789,2810,2835,2841,2847,2853,2859,2865,2871,2877,2883,2889,2895,2901,2907,2913,2919,2925,2931,2937,2943,2949,2969,2975,3025,3031,3050-3054,3057-3061,3063-3067,3069-3073,3075-3079,3081-3085,3087-3091,3093-3097,3099-3103,3105-3109,3111-3115,3117-3121,3154,3173,3191,3208,3215,3221,3241,3247,3334,3340,3346,3352,3387-3388,3393-3396,3402,3406,3442-3444,3448,3452,3455-3465,3474,3480,3486,3502,3508,3598,3607,3612-3613,4253-4259,10998,11000-11004,11008-11020,11053-11104,11148-11150,11155,11157-11172,11296,11298-11299,11347-11366,12657-12665,12698-12718,12808-12810,12818-12829,12835-12851,12869-12875,12911-12918,12933-12939,12969-12971,12975,12977,13431-13450,13488-13494,13500-13502,13507-13516,14291,14296,14313-14315,14317,14466-14471,14474-14475,14477-14481,14959-14966,14968-14977,14981-14983,15001-15003,15070-15073
packages/gatekeeper-mcp-portal/worker-configuration.d.ts
  s_a10f45aa10a9ca::t_d4fd44249f352e 2,22,29,35,41,99,105,111,117,123,129,135,141,147,153,171,177,183,188,197,363,408,431,636,643,649,655,692,698,711,717,724,731,737,743,749,770,783,789,821,834,846,852,868,874-878,886,892,899,938,956,962,979,985,1002,1035,1042,1070,1088,1106,1124,1130,1138,1145,1151,1273,1290,1297,1303,1374,1380,1386,1392,1398,1408,1414,1420,1427,1434,1440,1446,1452,1458,1464,1470,1476,1482,1488,1576,1582,1588,1597,1604,1611,1617,1623,1629,1635,1708,1726,1734,1765,1771,1783,1809,1815,2204,2222,2228,2240,2246,2258,2290,2299,2305,2324,2350,2356,2368,2374,2381,2387,2393,2405,2418,2430,2455,2477,2484,2496,2502,2509,2516,2522,2528,2534,2540,2546,2552,2559,2566,2572,2591,2599,2607,2616,2765-2770,2791,2816,2822,2828,2834,2840,2846,2852,2858,2864,2870,2876,2882,2888,2894,2900,2906,2912,2918,2924,2930,2950,2956,3006,3012,3031-3035,3038-3042,3044-3048,3050-3054,3056-3060,3062-3066,3068-3072,3074-3078,3080-3084,3086-3090,3092-3096,3098-3102,3135,3154,3172,3189,3196,3202,3222,3228,3315,3321,3327,3333,3368-3369,3374-3377,3383,3387,3423-3425,3429,3433,3436-3446,3455,3461,3467,3483,3489,3579,3588,3593-3594,4234-4240,10979,10981-10985,10989-11001,11034-11085,11129-11131,11136,11138-11153,11277,11279-11280,11328-11347,12638-12646,12679-12699,12789-12791,12799-12810,12816-12832,12850-12856,12892-12899,12914-12920,12950-12952,12956,12958,13412-13431,13469-13475,13481-13483,13488-13497,14272,14277,14294-14296,14298,14447-14452,14455-14456,14458-14462,14940-14947,14949-14958,14962-14964,14982-14984,15051-15054
packages/gatekeeper-mcp/worker-configuration.d.ts
  s_a10f45aa10a9ca::t_d13f63f631efda 2,22,29,35,41,99,105,111,117,123,129,135,141,147,153,171,177,183,188,197,363,408,431,636,643,649,655,692,698,711,717,724,731,737,743,749,770,783,789,821,834,846,852,868,874-878,886,892,899,938,956,962,979,985,1002,1035,1042,1070,1088,1106,1124,1130,1138,1145,1151,1273,1290,1297,1303,1374,1380,1386,1392,1398,1408,1414,1420,1427,1434,1440,1446,1452,1458,1464,1470,1476,1482,1488,1576,1582,1588,1597,1604,1611,1617,1623,1629,1635,1708,1726,1734,1765,1771,1783,1809,1815,2204,2222,2228,2240,2246,2258,2290,2299,2305,2324,2350,2356,2368,2374,2381,2387,2393,2405,2418,2430,2455,2477,2484,2496,2502,2509,2516,2522,2528,2534,2540,2546,2552,2559,2566,2572,2591,2599,2607,2616,2765-2770,2791,2816,2822,2828,2834,2840,2846,2852,2858,2864,2870,2876,2882,2888,2894,2900,2906,2912,2918,2924,2930,2950,2956,3006,3012,3031-3035,3038-3042,3044-3048,3050-3054,3056-3060,3062-3066,3068-3072,3074-3078,3080-3084,3086-3090,3092-3096,3098-3102,3135,3154,3172,3189,3196,3202,3222,3228,3315,3321,3327,3333,3368-3369,3374-3377,3383,3387,3423-3425,3429,3433,3436-3446,3455,3461,3467,3483,3489,3579,3588,3593-3594,4234-4240,10979,10981-10985,10989-11001,11034-11085,11129-11131,11136,11138-11153,11277,11279-11280,11328-11347,12638-12646,12679-12699,12789-12791,12799-12810,12816-12832,12850-12856,12892-12899,12914-12920,12950-12952,12956,12958,13412-13431,13469-13475,13481-13483,13488-13497,14272,14277,14294-14296,14298,14447-14452,14455-14456,14458-14462,14940-14947,14949-14958,14962-14964,14982-14984,15051-15054
packages/gatekeeper-notion/worker-configuration.d.ts
  s_a10f45aa10a9ca::t_97108033185597 3,41,48,54,60,118,124,130,136,142,148,154,160,166,172,190,196,202,207,216,382,427,450,655,662,668,674,711,717,730,736,743,750,756,762,768,789,802,808,840,853,865,871,887,893-897,905,911,918,957,975,981,998,1004,1021,1054,1061,1089,1107,1125,1143,1149,1157,1164,1170,1292,1309,1316,1322,1393,1399,1405,1411,1417,1427,1433,1439,1446,1453,1459,1465,1471,1477,1483,1489,1495,1501,1507,1595,1601,1607,1616,1623,1630,1636,1642,1648,1654,1727,1745,1753,1784,1790,1802,1828,1834,2223,2241,2247,2259,2265,2277,2309,2318,2324,2343,2369,2375,2387,2393,2400,2406,2412,2424,2437,2449,2474,2496,2503,2515,2521,2528,2535,2541,2547,2553,2559,2565,2571,2578,2585,2591,2610,2618,2626,2635,2784-2789,2810,2835,2841,2847,2853,2859,2865,2871,2877,2883,2889,2895,2901,2907,2913,2919,2925,2931,2937,2943,2949,2969,2975,3025,3031,3050-3054,3057-3061,3063-3067,3069-3073,3075-3079,3081-3085,3087-3091,3093-3097,3099-3103,3105-3109,3111-3115,3117-3121,3154,3173,3191,3208,3215,3221,3241,3247,3334,3340,3346,3352,3387-3388,3393-3396,3402,3406,3442-3444,3448,3452,3455-3465,3474,3480,3486,3502,3508,3598,3607,3612-3613,4253-4259,10998,11000-11004,11008-11020,11053-11104,11148-11150,11155,11157-11172,11296,11298-11299,11347-11366,12657-12665,12698-12718,12808-12810,12818-12829,12835-12851,12869-12875,12911-12918,12933-12939,12969-12971,12975,12977,13431-13450,13488-13494,13500-13502,13507-13516,14291,14296,14313-14315,14317,14466-14471,14474-14475,14477-14481,14959-14966,14968-14977,14981-14983,15001-15003,15070-15073
packages/gatekeeper-scheduler/worker-configuration.d.ts
  s_a10f45aa10a9ca::t_c65cc7898d1625 3,37,44,50,56,114,120,126,132,138,144,150,156,162,168,186,192,198,203,212,378,423,446,651,658,664,670,707,713,726,732,739,746,752,758,764,785,798,804,836,849,861,867,883,889-893,901,907,914,953,971,977,994,1000,1017,1050,1057,1085,1103,1121,1139,1145,1153,1160,1166,1288,1305,1312,1318,1389,1395,1401,1407,1413,1423,1429,1435,1442,1449,1455,1461,1467,1473,1479,1485,1491,1497,1503,1591,1597,1603,1612,1619,1626,1632,1638,1644,1650,1723,1741,1749,1780,1786,1798,1824,1830,2219,2237,2243,2255,2261,2273,2305,2314,2320,2339,2365,2371,2383,2389,2396,2402,2408,2420,2433,2445,2470,2492,2499,2511,2517,2524,2531,2537,2543,2549,2555,2561,2567,2574,2581,2587,2606,2614,2622,2631,2780-2785,2806,2831,2837,2843,2849,2855,2861,2867,2873,2879,2885,2891,2897,2903,2909,2915,2921,2927,2933,2939,2945,2965,2971,3021,3027,3046-3050,3053-3057,3059-3063,3065-3069,3071-3075,3077-3081,3083-3087,3089-3093,3095-3099,3101-3105,3107-3111,3113-3117,3150,3169,3187,3204,3211,3217,3237,3243,3330,3336,3342,3348,3383-3384,3389-3392,3398,3402,3438-3440,3444,3448,3451-3461,3470,3476,3482,3498,3504,3594,3603,3608-3609,4249-4255,10994,10996-11000,11004-11016,11049-11100,11144-11146,11151,11153-11168,11292,11294-11295,11343-11362,12653-12661,12694-12714,12804-12806,12814-12825,12831-12847,12865-12871,12907-12914,12929-12935,12965-12967,12971,12973,13427-13446,13484-13490,13496-13498,13503-13512,14287,14292,14309-14311,14313,14462-14467,14470-14471,14473-14477,14955-14962,14964-14973,14977-14979,14997-14999,15066-15069
packages/gatekeeper-slack/worker-configuration.d.ts
  s_a10f45aa10a9ca::t_e96fe6093c34f2 3,41,48,54,60,118,124,130,136,142,148,154,160,166,172,190,196,202,207,216,382,427,450,655,662,668,674,711,717,730,736,743,750,756,762,768,789,802,808,840,853,865,871,887,893-897,905,911,918,957,975,981,998,1004,1021,1054,1061,1089,1107,1125,1143,1149,1157,1164,1170,1292,1309,1316,1322,1393,1399,1405,1411,1417,1427,1433,1439,1446,1453,1459,1465,1471,1477,1483,1489,1495,1501,1507,1595,1601,1607,1616,1623,1630,1636,1642,1648,1654,1727,1745,1753,1784,1790,1802,1828,1834,2223,2241,2247,2259,2265,2277,2309,2318,2324,2343,2369,2375,2387,2393,2400,2406,2412,2424,2437,2449,2474,2496,2503,2515,2521,2528,2535,2541,2547,2553,2559,2565,2571,2578,2585,2591,2610,2618,2626,2635,2784-2789,2810,2835,2841,2847,2853,2859,2865,2871,2877,2883,2889,2895,2901,2907,2913,2919,2925,2931,2937,2943,2949,2969,2975,3025,3031,3050-3054,3057-3061,3063-3067,3069-3073,3075-3079,3081-3085,3087-3091,3093-3097,3099-3103,3105-3109,3111-3115,3117-3121,3154,3173,3191,3208,3215,3221,3241,3247,3334,3340,3346,3352,3387-3388,3393-3396,3402,3406,3442-3444,3448,3452,3455-3465,3474,3480,3486,3502,3508,3598,3607,3612-3613,4253-4259,10998,11000-11004,11008-11020,11053-11104,11148-11150,11155,11157-11172,11296,11298-11299,11347-11366,12657-12665,12698-12718,12808-12810,12818-12829,12835-12851,12869-12875,12911-12918,12933-12939,12969-12971,12975,12977,13431-13450,13488-13494,13500-13502,13507-13516,14291,14296,14313-14315,14317,14466-14471,14474-14475,14477-14481,14959-14966,14968-14977,14981-14983,15001-15003,15070-15073
packages/gatekeeper-spotify/worker-configuration.d.ts
  s_a10f45aa10a9ca::t_8a202341099b4a 3,41,48,54,60,118,124,130,136,142,148,154,160,166,172,190,196,202,207,216,382,427,450,655,662,668,674,711,717,730,736,743,750,756,762,768,789,802,808,840,853,865,871,887,893-897,905,911,918,957,975,981,998,1004,1021,1054,1061,1089,1107,1125,1143,1149,1157,1164,1170,1292,1309,1316,1322,1393,1399,1405,1411,1417,1427,1433,1439,1446,1453,1459,1465,1471,1477,1483,1489,1495,1501,1507,1595,1601,1607,1616,1623,1630,1636,1642,1648,1654,1727,1745,1753,1784,1790,1802,1828,1834,2223,2241,2247,2259,2265,2277,2309,2318,2324,2343,2369,2375,2387,2393,2400,2406,2412,2424,2437,2449,2474,2496,2503,2515,2521,2528,2535,2541,2547,2553,2559,2565,2571,2578,2585,2591,2610,2618,2626,2635,2784-2789,2810,2835,2841,2847,2853,2859,2865,2871,2877,2883,2889,2895,2901,2907,2913,2919,2925,2931,2937,2943,2949,2969,2975,3025,3031,3050-3054,3057-3061,3063-3067,3069-3073,3075-3079,3081-3085,3087-3091,3093-3097,3099-3103,3105-3109,3111-3115,3117-3121,3154,3173,3191,3208,3215,3221,3241,3247,3334,3340,3346,3352,3387-3388,3393-3396,3402,3406,3442-3444,3448,3452,3455-3465,3474,3480,3486,3502,3508,3598,3607,3612-3613,4253-4259,10998,11000-11004,11008-11020,11053-11104,11148-11150,11155,11157-11172,11296,11298-11299,11347-11366,12657-12665,12698-12718,12808-12810,12818-12829,12835-12851,12869-12875,12911-12918,12933-12939,12969-12971,12975,12977,13431-13450,13488-13494,13500-13502,13507-13516,14291,14296,14313-14315,14317,14466-14471,14474-14475,14477-14481,14959-14966,14968-14977,14981-14983,15001-15003,15070-15073
packages/gatekeeper-supabase/worker-configuration.d.ts
  s_a10f45aa10a9ca::t_40af634bde05d8 3,41,48,54,60,118,124,130,136,142,148,154,160,166,172,190,196,202,207,216,382,427,450,655,662,668,674,711,717,730,736,743,750,756,762,768,789,802,808,840,853,865,871,887,893-897,905,911,918,957,975,981,998,1004,1021,1054,1061,1089,1107,1125,1143,1149,1157,1164,1170,1292,1309,1316,1322,1393,1399,1405,1411,1417,1427,1433,1439,1446,1453,1459,1465,1471,1477,1483,1489,1495,1501,1507,1595,1601,1607,1616,1623,1630,1636,1642,1648,1654,1727,1745,1753,1784,1790,1802,1828,1834,2223,2241,2247,2259,2265,2277,2309,2318,2324,2343,2369,2375,2387,2393,2400,2406,2412,2424,2437,2449,2474,2496,2503,2515,2521,2528,2535,2541,2547,2553,2559,2565,2571,2578,2585,2591,2610,2618,2626,2635,2784-2789,2810,2835,2841,2847,2853,2859,2865,2871,2877,2883,2889,2895,2901,2907,2913,2919,2925,2931,2937,2943,2949,2969,2975,3025,3031,3050-3054,3057-3061,3063-3067,3069-3073,3075-3079,3081-3085,3087-3091,3093-3097,3099-3103,3105-3109,3111-3115,3117-3121,3154,3173,3191,3208,3215,3221,3241,3247,3334,3340,3346,3352,3387-3388,3393-3396,3402,3406,3442-3444,3448,3452,3455-3465,3474,3480,3486,3502,3508,3598,3607,3612-3613,4253-4259,10998,11000-11004,11008-11020,11053-11104,11148-11150,11155,11157-11172,11296,11298-11299,11347-11366,12657-12665,12698-12718,12808-12810,12818-12829,12835-12851,12869-12875,12911-12918,12933-12939,12969-12971,12975,12977,13431-13450,13488-13494,13500-13502,13507-13516,14291,14296,14313-14315,14317,14466-14471,14474-14475,14477-14481,14959-14966,14968-14977,14981-14983,15001-15003,15070-15073
packages/gatekeeper-zoominfo/worker-configuration.d.ts
  s_a10f45aa10a9ca::t_d212827d1e044e 3,41,48,54,60,118,124,130,136,142,148,154,160,166,172,190,196,202,207,216,382,427,450,655,662,668,674,711,717,730,736,743,750,756,762,768,789,802,808,840,853,865,871,887,893-897,905,911,918,957,975,981,998,1004,1021,1054,1061,1089,1107,1125,1143,1149,1157,1164,1170,1292,1309,1316,1322,1393,1399,1405,1411,1417,1427,1433,1439,1446,1453,1459,1465,1471,1477,1483,1489,1495,1501,1507,1595,1601,1607,1616,1623,1630,1636,1642,1648,1654,1727,1745,1753,1784,1790,1802,1828,1834,2223,2241,2247,2259,2265,2277,2309,2318,2324,2343,2369,2375,2387,2393,2400,2406,2412,2424,2437,2449,2474,2496,2503,2515,2521,2528,2535,2541,2547,2553,2559,2565,2571,2578,2585,2591,2610,2618,2626,2635,2784-2789,2810,2835,2841,2847,2853,2859,2865,2871,2877,2883,2889,2895,2901,2907,2913,2919,2925,2931,2937,2943,2949,2969,2975,3025,3031,3050-3054,3057-3061,3063-3067,3069-3073,3075-3079,3081-3085,3087-3091,3093-3097,3099-3103,3105-3109,3111-3115,3117-3121,3154,3173,3191,3208,3215,3221,3241,3247,3334,3340,3346,3352,3387-3388,3393-3396,3402,3406,3442-3444,3448,3452,3455-3465,3474,3480,3486,3502,3508,3598,3607,3612-3613,4253-4259,10998,11000-11004,11008-11020,11053-11104,11148-11150,11155,11157-11172,11296,11298-11299,11347-11366,12657-12665,12698-12718,12808-12810,12818-12829,12835-12851,12869-12875,12911-12918,12933-12939,12969-12971,12975,12977,13431-13450,13488-13494,13500-13502,13507-13516,14291,14296,14313-14315,14317,14466-14471,14474-14475,14477-14481,14959-14966,14968-14977,14981-14983,15001-15003,15070-15073
packages/mcp-shared/worker-configuration.d.ts
  s_a10f45aa10a9ca::t_6a9a5db33466f9 2,22,29,35,41,99,105,111,117,123,129,135,141,147,153,171,177,183,188,197,363,408,431,636,643,649,655,692,698,711,717,724,731,737,743,749,770,783,789,821,834,846,852,868,874-878,886,892,899,938,956,962,979,985,1002,1035,1042,1070,1088,1106,1124,1130,1138,1145,1151,1273,1290,1297,1303,1374,1380,1386,1392,1398,1408,1414,1420,1427,1434,1440,1446,1452,1458,1464,1470,1476,1482,1488,1576,1582,1588,1597,1604,1611,1617,1623,1629,1635,1708,1726,1734,1765,1771,1783,1809,1815,2204,2222,2228,2240,2246,2258,2290,2299,2305,2324,2350,2356,2368,2374,2381,2387,2393,2405,2418,2430,2455,2477,2484,2496,2502,2509,2516,2522,2528,2534,2540,2546,2552,2559,2566,2572,2591,2599,2607,2616,2765-2770,2791,2816,2822,2828,2834,2840,2846,2852,2858,2864,2870,2876,2882,2888,2894,2900,2906,2912,2918,2924,2930,2950,2956,3006,3012,3031-3035,3038-3042,3044-3048,3050-3054,3056-3060,3062-3066,3068-3072,3074-3078,3080-3084,3086-3090,3092-3096,3098-3102,3135,3154,3172,3189,3196,3202,3222,3228,3315,3321,3327,3333,3368-3369,3374-3377,3383,3387,3423-3425,3429,3433,3436-3446,3455,3461,3467,3483,3489,3579,3588,3593-3594,4234-4240,10979,10981-10985,10989-11001,11034-11085,11129-11131,11136,11138-11153,11277,11279-11280,11328-11347,12638-12646,12679-12699,12789-12791,12799-12810,12816-12832,12850-12856,12892-12899,12914-12920,12950-12952,12956,12958,13412-13431,13469-13475,13481-13483,13488-13497,14272,14277,14294-14296,14298,14447-14452,14455-14456,14458-14462,14940-14947,14949-14958,14962-14964,14982-14984,15051-15054
packages/router/worker-configuration.d.ts
  s_a10f45aa10a9ca::t_14d8dc8ce21f65 3,35,42,48,54,112,118,124,130,136,142,148,154,160,166,184,190,196,201,210,376,421,443,647,654,660,666,703,709,722,728,735,742,748,754,760,781,794,800,832,845,857,863,879,885-889,897,903,910,949,967,973,990,996,1013,1046,1053,1081,1099,1117,1135,1141,1149,1156,1162,1284,1301,1308,1314,1385,1391,1397,1403,1409,1419,1425,1431,1438,1445,1451,1457,1463,1469,1475,1481,1487,1493,1499,1587,1593,1599,1608,1615,1622,1628,1634,1640,1646,1719,1737,1745,1776,1782,1794,1820,1826,2215,2233,2239,2251,2257,2269,2301,2310,2316,2335,2361,2367,2379,2385,2392,2398,2404,2416,2429,2441,2466,2488,2495,2507,2513,2520,2527,2533,2539,2545,2551,2557,2563,2570,2577,2583,2602,2610,2618,2627,2776-2781,2802,2827,2833,2839,2845,2851,2857,2863,2869,2875,2881,2887,2893,2899,2905,2911,2917,2923,2929,2935,2941,2961,2967,3017,3023,3042-3046,3049-3053,3055-3059,3061-3065,3067-3071,3073-3077,3079-3083,3085-3089,3091-3095,3097-3101,3103-3107,3109-3113,3146,3165,3183,3200,3207,3213,3233,3239,3326,3332,3338,3344,3379-3380,3385-3388,3394,3398,3434-3436,3440,3444,3447-3457,3466,3472,3478,3494,3500,3590,3599,3604-3605,4245-4251,10990,10992-10996,11000-11012,11045-11096,11140-11142,11147,11149-11164,11288,11290-11291,11339-11358,12649-12657,12690-12710,12800-12802,12810-12821,12827-12843,12861-12867,12903-12910,12925-12931,12961-12963,12967,12969,13423-13442,13480-13486,13492-13494,13499-13508,14283,14288,14305-14307,14309,14458-14463,14466-14467,14469-14473,14951-14958,14960-14969,14973-14975,14993-14995,15062-15065
packages/workshop-backend/worker-configuration.d.ts
  s_a10f45aa10a9ca::t_6c1ec008656fba 3,39,46,52,58,116,122,128,134,140,146,152,158,164,170,188,194,200,205,214,380,425,448,653,660,666,672,709,715,728,734,741,748,754,760,766,787,800,806,838,851,863,869,885,891-895,903,909,916,955,973,979,996,1002,1019,1052,1059,1087,1105,1123,1141,1147,1155,1162,1168,1290,1307,1314,1320,1391,1397,1403,1409,1415,1425,1431,1437,1444,1451,1457,1463,1469,1475,1481,1487,1493,1499,1505,1593,1599,1605,1614,1621,1628,1634,1640,1646,1652,1725,1743,1751,1782,1788,1800,1826,1832,2221,2239,2245,2257,2263,2275,2307,2316,2322,2341,2367,2373,2385,2391,2398,2404,2410,2422,2435,2447,2472,2494,2501,2513,2519,2526,2533,2539,2545,2551,2557,2563,2569,2576,2583,2589,2608,2616,2624,2633,2782-2787,2808,2833,2839,2845,2851,2857,2863,2869,2875,2881,2887,2893,2899,2905,2911,2917,2923,2929,2935,2941,2947,2967,2973,3023,3029,3048-3052,3055-3059,3061-3065,3067-3071,3073-3077,3079-3083,3085-3089,3091-3095,3097-3101,3103-3107,3109-3113,3115-3119,3152,3171,3189,3206,3213,3219,3239,3245,3332,3338,3344,3350,3385-3386,3391-3394,3400,3404,3440-3442,3446,3450,3453-3463,3472,3478,3484,3500,3506,3596,3605,3610-3611,4251-4257,10996,10998-11002,11006-11018,11051-11102,11146-11148,11153,11155-11170,11294,11296-11297,11345-11364,12655-12663,12696-12716,12806-12808,12816-12827,12833-12849,12867-12873,12909-12916,12931-12937,12967-12969,12973,12975,13429-13448,13486-13492,13498-13500,13505-13514,14293,14298,14315-14317,14319,14468-14473,14476-14477,14479-14483,14961-14968,14970-14979,14983-14985,15003-15005,15072-15075
---
{
  "schema_version": "authorship/3.0.0",
  "git_ai_version": "1.6.10",
  "base_commit_sha": "5e309bcdf3430a97747be01ee4d3c00e026a523b",
  "prompts": {},
  "sessions": {
    "s_a10f45aa10a9ca": {
      "agent_id": {
        "tool": "windsurf",
        "id": "exciting-polonium",
        "model": "unknown"
      },
      "human_author": "Nikhil <vnikhilbuddhavarapu@outlook.com>"
    }
  }
}